function [x,y,z] = find_position(out)
   x = 0.1035295;y=0.1232843;z=0.1432195;
end